#STARTING TRAINING LOOP
   1   9.50000e-07   1.28726e+01   1.29852e+01
   2   1.40000e-06   1.28454e+01   1.29876e+01
   3   1.85000e-06   1.28688e+01   1.29845e+01
   4   2.30000e-06   1.28440e+01   1.29842e+01
   5   2.75000e-06   1.28603e+01   1.29793e+01
   6   3.20000e-06   1.28384e+01   1.29784e+01
   7   3.65000e-06   1.28364e+01   1.29760e+01
   8   4.10000e-06   1.28093e+01   1.29708e+01
   9   4.55000e-06   1.27995e+01   1.29696e+01
  10   5.00000e-06   1.28093e+01   1.29651e+01
  11   5.00000e-06   1.27567e+01   1.29589e+01
  12   5.00000e-06   1.27536e+01   1.29532e+01
  13   5.00000e-06   1.27502e+01   1.29509e+01
  14   5.00000e-06   1.27547e+01   1.29446e+01
  15   5.00000e-06   1.27147e+01   1.29434e+01
  16   5.00000e-06   1.27046e+01   1.29375e+01
  17   5.00000e-06   1.26851e+01   1.29308e+01
  18   5.00000e-06   1.26633e+01   1.29296e+01
  19   5.00000e-06   1.26691e+01   1.29243e+01
  20   5.00000e-06   1.26390e+01   1.29185e+01
  21   5.00000e-06   1.26134e+01   1.29132e+01
  22   5.00000e-06   1.26256e+01   1.29079e+01
  23   5.00000e-06   1.25765e+01   1.29032e+01
  24   5.00000e-06   1.25867e+01   1.28991e+01
  25   5.00000e-06   1.25389e+01   1.28914e+01
  26   5.00000e-06   1.25340e+01   1.28861e+01
  27   5.00000e-06   1.25244e+01   1.28818e+01
  28   5.00000e-06   1.25159e+01   1.28765e+01
  29   5.00000e-06   1.25150e+01   1.28725e+01
  30   5.00000e-06   1.25058e+01   1.28665e+01
  31   5.00000e-06   1.24855e+01   1.28643e+01
  32   5.00000e-06   1.24719e+01   1.28599e+01
  33   5.00000e-06   1.24695e+01   1.28572e+01
  34   5.00000e-06   1.24552e+01   1.28507e+01
  35   5.00000e-06   1.24432e+01   1.28491e+01
  36   5.00000e-06   1.24309e+01   1.28424e+01
  37   5.00000e-06   1.24272e+01   1.28386e+01
  38   5.00000e-06   1.24205e+01   1.28368e+01
  39   5.00000e-06   1.24012e+01   1.28358e+01
  40   5.00000e-06   1.23918e+01   1.28309e+01
  41   5.00000e-06   1.23790e+01   1.28267e+01
  42   5.00000e-06   1.23863e+01   1.28246e+01
  43   5.00000e-06   1.23857e+01   1.28211e+01
  44   5.00000e-06   1.23774e+01   1.28189e+01
  45   5.00000e-06   1.23645e+01   1.28144e+01
  46   5.00000e-06   1.23728e+01   1.28123e+01
  47   5.00000e-06   1.23702e+01   1.28069e+01
  48   5.00000e-06   1.23530e+01   1.28052e+01
  49   5.00000e-06   1.23087e+01   1.28026e+01
  50   5.00000e-06   1.23228e+01   1.28015e+01
  51   5.00000e-06   1.23476e+01   1.27973e+01
  52   5.00000e-06   1.23340e+01   1.27934e+01
  53   5.00000e-06   1.22899e+01   1.27951e+01
  54   5.00000e-06   1.23162e+01   1.27906e+01
  55   5.00000e-06   1.22997e+01   1.27902e+01
  56   5.00000e-06   1.22969e+01   1.27888e+01
  57   5.00000e-06   1.22940e+01   1.27831e+01
  58   5.00000e-06   1.22972e+01   1.27828e+01
  59   5.00000e-06   1.22895e+01   1.27820e+01
  60   5.00000e-06   1.22791e+01   1.27815e+01
  61   5.00000e-06   1.22662e+01   1.27768e+01
  62   5.00000e-06   1.22668e+01   1.27765e+01
  63   5.00000e-06   1.22647e+01   1.27726e+01
  64   5.00000e-06   1.22675e+01   1.27688e+01
  65   5.00000e-06   1.22616e+01   1.27694e+01
  66   5.00000e-06   1.22640e+01   1.27666e+01
  67   5.00000e-06   1.22485e+01   1.27625e+01
  68   5.00000e-06   1.22388e+01   1.27659e+01
  69   5.00000e-06   1.22432e+01   1.27618e+01
  70   5.00000e-06   1.22404e+01   1.27584e+01
  71   5.00000e-06   1.22441e+01   1.27570e+01
  72   5.00000e-06   1.22202e+01   1.27549e+01
  73   5.00000e-06   1.22096e+01   1.27527e+01
  74   5.00000e-06   1.21984e+01   1.27510e+01
  75   5.00000e-06   1.22138e+01   1.27483e+01
  76   5.00000e-06   1.22221e+01   1.27454e+01
  77   5.00000e-06   1.22038e+01   1.27415e+01
  78   5.00000e-06   1.22042e+01   1.27400e+01
  79   5.00000e-06   1.22021e+01   1.27377e+01
  80   5.00000e-06   1.22194e+01   1.27360e+01
  81   5.00000e-06   1.22117e+01   1.27343e+01
  82   5.00000e-06   1.22051e+01   1.27332e+01
  83   5.00000e-06   1.21927e+01   1.27340e+01
  84   5.00000e-06   1.21988e+01   1.27271e+01
  85   5.00000e-06   1.21780e+01   1.27271e+01
  86   5.00000e-06   1.21812e+01   1.27254e+01
  87   5.00000e-06   1.22144e+01   1.27229e+01
  88   5.00000e-06   1.21986e+01   1.27246e+01
  89   5.00000e-06   1.22122e+01   1.27202e+01
  90   5.00000e-06   1.21783e+01   1.27189e+01
  91   5.00000e-06   1.21649e+01   1.27172e+01
  92   5.00000e-06   1.21990e+01   1.27175e+01
  93   5.00000e-06   1.21800e+01   1.27114e+01
  94   5.00000e-06   1.21774e+01   1.27075e+01
  95   5.00000e-06   1.21879e+01   1.27046e+01
  96   5.00000e-06   1.21433e+01   1.27028e+01
  97   5.00000e-06   1.21558e+01   1.27057e+01
  98   5.00000e-06   1.21693e+01   1.26995e+01
  99   5.00000e-06   1.21593e+01   1.27016e+01
 100   5.00000e-06   1.21422e+01   1.26978e+01
 101   5.00000e-06   1.21490e+01   1.26976e+01
 102   5.00000e-06   1.21458e+01   1.26966e+01
 103   5.00000e-06   1.21325e+01   1.26904e+01
 104   5.00000e-06   1.21332e+01   1.26923e+01
 105   5.00000e-06   1.21302e+01   1.26938e+01
 106   5.00000e-06   1.21375e+01   1.26901e+01
 107   5.00000e-06   1.21119e+01   1.26880e+01
 108   5.00000e-06   1.21224e+01   1.26835e+01
 109   5.00000e-06   1.21466e+01   1.26872e+01
 110   5.00000e-06   1.21355e+01   1.26845e+01
 111   5.00000e-06   1.21425e+01   1.26844e+01
 112   5.00000e-06   1.21276e+01   1.26826e+01
 113   5.00000e-06   1.21333e+01   1.26810e+01
 114   5.00000e-06   1.21073e+01   1.26778e+01
 115   5.00000e-06   1.20955e+01   1.26777e+01
 116   5.00000e-06   1.21275e+01   1.26832e+01
 117   5.00000e-06   1.21329e+01   1.26785e+01
 118   5.00000e-06   1.21107e+01   1.26758e+01
 119   5.00000e-06   1.21201e+01   1.26761e+01
 120   5.00000e-06   1.21194e+01   1.26774e+01
 121   5.00000e-06   1.21277e+01   1.26741e+01
 122   5.00000e-06   1.21108e+01   1.26744e+01
 123   5.00000e-06   1.21251e+01   1.26733e+01
 124   5.00000e-06   1.21122e+01   1.26743e+01
 125   5.00000e-06   1.21007e+01   1.26754e+01
 126   5.00000e-06   1.21063e+01   1.26735e+01
 127   5.00000e-06   1.21177e+01   1.26763e+01
 128   5.00000e-06   1.20999e+01   1.26765e+01
 129   5.00000e-06   1.21004e+01   1.26732e+01
 130   5.00000e-06   1.21135e+01   1.26750e+01
 131   5.00000e-06   1.20999e+01   1.26760e+01
 132   5.00000e-06   1.21115e+01   1.26757e+01
 133   5.00000e-06   1.20927e+01   1.26749e+01
 134   5.00000e-06   1.21014e+01   1.26751e+01
 135   5.00000e-06   1.21170e+01   1.26750e+01
 136   5.00000e-06   1.20809e+01   1.26780e+01
 137   5.00000e-06   1.20928e+01   1.26754e+01
 138   5.00000e-06   1.20749e+01   1.26757e+01
 139   5.00000e-06   1.20789e+01   1.26764e+01
 140   5.00000e-06   1.20859e+01   1.26758e+01
 141   5.00000e-06   1.20830e+01   1.26736e+01


